10 10
10 43 1 12 2 58 3 35 4 80 5 93 6 69 7 53 8 83 9 55 10
10 58 1 56 2 15 3 91 4 73 5  1 6 84 7 74 8 85 9  2 10
10 65 1 36 2 31 3 33 4 63 5 36 6  7 7  1 8 48 9 11 10
10 74 1 64 2 83 3  3 4 21 5 37 6 75 7 23 8 45 9 89 10
10 17 1 56 2 52 3  3 4 97 5 32 6 84 7 21 8 66 9 64 10
10 65 1 73 2 84 3 64 4 97 5 73 6  9 7 59 8 60 9 11 10
10 18 1 36 2 26 3  1 4 16 5  7 6 15 7 55 8 40 9 36 10
10 11 1 22 2 60 3 57 4 78 5 93 6 22 7 20 8 11 9 79 10
10 87 1 87 2 97 3 40 4 27 5 66 6 13 7 48 8 96 9 24 10
10 52 1 94 2 70 3 10 4  5 5 76 6 58 7 58 8 55 9 77 10


606 595



