10 10
10 48 1  2 2 96 3 67 4 68 5 47 6 52 7 83 8 69 9 51 10
10 86 1 29 2 96 3 16 4 60 5 57 6 22 7 12 8 92 9 26 10
10 24 1 87 2 70 3  6 4 65 5 86 6 96 7 64 8 38 9 90 10
10 31 1 89 2 62 3 67 4 37 5 69 6 66 7 91 8 71 9 17 10
10 56 1 29 2 72 3 20 4 46 5 12 6 52 7 46 8  8 9 12 10
10 11 1 97 2 62 3 46 4 83 5 55 6 67 7 37 8 86 9 60 10
10 53 1 44 2 44 3 93 4 40 5 33 6 42 7 85 8 95 9 25 10
10 49 1 86 2 55 3 93 4 80 5 29 6 97 7 67 8  3 9 18 10
10 38 1 28 2 39 3 97 4 53 5 94 6 38 7 18 8  6 9 72 10
10 31 1 50 2 41 3 84 4 82 5 83 6 73 7 34 8 95 9 34 10

652 637



