10 10
10 97 1 81 2 70 3 64 4 84 5 18 6 72 7 14 8 20 9 19 10
10 52 1 43 2 16 3 10 4 78 5 11 6 54 7 98 8 64 9 20 10
10 59 1 77 2 45 3 88 4 21 5 36 6 77 7 30 8 68 9 88 10
10 41 1 64 2 26 3 77 4 19 5 34 6 37 7 19 8 56 9  3 10
10 63 1 90 2 42 3 48 4 62 5 31 6 66 7 61 8 77 9  3 10
10 77 1 99 2 34 3 60 4 71 5 40 6 36 7 38 8 13 9 65 10
10 56 1 22 2 84 3 89 4  1 5 70 6  2 7 61 8 71 9 45 10
10  5 1 20 2  2 3 38 4 53 5 48 6 49 7 38 8 71 9 97 10
10 83 1 35 2 92 3 30 4 92 5 70 6 22 7 65 8 21 9 99 10
10 83 1 54 2 22 3 71 4 74 5 95 6  3 7 93 8 27 9 82 10

623 616



