10 10
10  8 1 61 2 19 3 50 4 16 5 69 6 91 7 44 8 61 9 59 10
10 24 1 84 2 98 3 83 4 60 5 13 6 35 7 40 8 81 9 26 10
10 53 1 83 2 27 3 93 4 70 5 95 6 12 7 29 8 44 9 48 10
10 91 1 35 2 15 3 18 4 55 5 50 6 29 7 97 8 39 9 84 10
10 86 1 41 2 97 3  7 4 30 5 75 6 15 7 20 8 33 9 51 10
10 48 1 21 2 42 3 98 4 22 5  7 6  3 7  5 8 26 9 40 10
10 16 1  4 2 29 3 59 4 52 5 46 6 22 7 67 8 79 9 45 10
10 45 1 94 2 22 3 36 4 74 5 37 6 76 7 19 8 94 9  7 10
10 11 1 83 2 97 3 37 4 34 5 67 6 55 7 25 8 32 9 35 10
10 81 1 71 2 56 3 89 4 33 5  1 6 15 7 53 8 72 9 50 10


581 577



