10 10
10  9 1 58 2 75 3 23 4 91 5 63 6 99 7 37 8 28 9 75 10
10 82 1 72 2  4 3 81 4 76 5 73 6 39 7 20 8 73 9 61 10
10 45 1 44 2 48 3  4 4 52 5 99 6 23 7 49 8 36 9 68 10
10 86 1 59 2  1 3 83 4 72 5 49 6 62 7 91 8 15 9 80 10
10  8 1 35 2 41 3 16 4 18 5 90 6 16 7 86 8 46 9 71 10
10 97 1 63 2 16 3 91 4 45 5 25 6 87 7 79 8 71 9 22 10
10 21 1 36 2 46 3 70 4 47 5 13 6 15 7 33 8  6 9 39 10
10 38 1 25 2 68 3 92 4 25 5 10 6 80 7 56 8 32 9 77 10
10 24 1 32 2 66 3 69 4 52 5 46 6 74 7 62 8 50 9 25 10
10 77 1  4 2 93 3  2 4 85 5 45 6 65 7 39 8 43 9 74 10


617 598

