10 10
10 77 1 30 2 97 3 36 4 97 5 36 6 51 7 95 8 18 9 50 10
10 81 1 64 2 12 3 88 4 45 5 26 6 98 7  3 8 90 9  6 10
10 43 1 51 2 53 3 46 4 49 5 31 6 73 7 39 8  9 9 87 10
10 75 1  2 2 66 3 13 4 93 5 71 6 21 7  4 8 57 9 95 10
10 67 1 14 2 58 3 65 4 55 5 88 6 91 7 15 8 29 9 22 10
10 45 1 76 2 59 3 51 4 32 5  4 6 36 7 38 8 46 9 96 10
10 51 1 84 2 33 3 28 4 89 5  6 6 10 7 76 8 93 9  3 10
10 87 1 68 2 33 3 10 4 82 5 86 6 91 7 87 8 23 9 14 10
10 16 1 50 2  2 3 54 4  4 5 17 6 18 7 23 8 83 9 59 10
10 46 1 73 2 18 3 61 4 19 5 55 6 29 7 88 8 53 9 14 10


596 588


