10 10
10 27 1 28 2 37 3 82 4  9 5 78 6 10 7 34 8 59 9 92 10
10 56 1 50 2 21 3 22 4 16 5 45 6 54 7 69 8 97 9  9 10
10 98 1  8 2 16 3 24 4  1 5 52 6 53 7 49 8 26 9 91 10
10 38 1 31 2 99 3 59 4 35 5 11 6  9 7 31 8 67 9 91 10
10 22 1  9 2 94 3 20 4 37 5 43 6 90 7 87 8 17 9 77 10
10 25 1 73 2 59 3 26 4 69 5 75 6 18 7 15 8 13 9 84 10
10 17 1 67 2  5 3 89 4 75 5 33 6 41 7 52 8 64 9 52 10
10 65 1 20 2 41 3 82 4 26 5 67 6 84 7 37 8 31 9 31 10
10 95 1 31 2 46 3 23 4 94 5  8 6 67 7 21 8 19 9  1 10
10 80 1 51 2 72 3 13 4 62 5 90 6 30 7 44 8 35 9 10 10


545 538



