10 10
10 13 1  1 2 74 3 33 4 39 5 63 6 89 7 72 8 34 9 62 10
10 58 1 80 2 19 3 54 4 32 5  5 6 20 7 78 8 75 9 68 10
10 81 1 74 2 28 3 54 4 43 5 66 6 50 7 21 8 24 9 98 10
10 73 1 26 2 25 3 52 4 60 5 18 6 71 7 57 8 54 9 35 10
10 31 1 47 2 81 3 28 4  1 5 50 6 76 7 11 8 11 9 18 10
10 34 1 36 2 70 3 23 4 71 5 99 6 98 7 72 8 21 9 68 10
10  3 1 61 2 86 3 74 4 85 5 98 6 31 7 18 8 44 9 86 10
10 16 1 15 2 54 3 66 4 52 5 61 6  8 7 95 8 81 9 70 10
10  6 1 52 2 91 3 39 4  9 5 63 6 90 7 58 8 94 9 26 10
10 82 1  9 2 31 3 90 4 96 5 72 6  4 7 56 8  8 9 28 10


606 595


