15 15
15 83 1 15 2 91 3 23 4  7 5 83 6 91 7  4 8 65 9 16 10 43 11 89 12 78 13  8 14 62 15
15  1 1 25 2 34 3 93 4 79 5 28 6 82 7 28 8 30 9 70 10 89 11 40 12 44 13 77 14  3 15
15 94 1 27 2 13 3 42 4 12 5  7 6 91 7 18 8 34 9 90 10 13 11 43 12 94 13 89 14 19 15
15 90 1 37 2 38 3 49 4 77 5 75 6 27 7 88 8 13 9 61 10 96 11 81 12 54 13 17 14 33 15
15 38 1 81 2 73 3  6 4  3 5  3 6 61 7 54 8 12 9 49 10 96 11 59 12 32 13 20 14  3 15
15 87 1 34 2 46 3 10 4 15 5 46 6 67 7 57 8  9 9 24 10 32 11 83 12 39 13 22 14 55 15
15 48 1 85 2 92 3 89 4 40 5 81 6 77 7 24 8 43 9 21 10 76 11 47 12  3 13 44 14 73 15
15 34 1 62 2 90 3 41 4  3 5 64 6 12 7 91 8 28 9 12 10 13 11 74 12 75 13 26 14 54 15
15  1 1 42 2 33 3 46 4 57 5 10 6 78 7 21 8 27 9 72 10 33 11  4 12 50 13 47 14 40 15
15  2 1 64 2 37 3 27 4 11 5 88 6 80 7 29 8 86 9 59 10 79 11  7 12 51 13 93 14 29 15
15 84 1 78 2 26 3 74 4 38 5 87 6 25 7 27 8 86 9 61 10 26 11 43 12 81 13  2 14 73 15
15 67 1 87 2 55 3 56 4 97 5 14 6 95 7 73 8  8 9 41 10 82 11 17 12  1 13 84 14 77 15
15 93 1 24 2 19 3 55 4 69 5 50 6 10 7 20 8 72 9 40 10 87 11 61 12 64 13  6 14  1 15
15 48 1 16 2 65 3 40 4 66 5 67 6 49 7 48 8 61 9 48 10 52 11 93 12 49 13 88 14 22 15
15 99 1 49 2 62 3 50 4 13 5 97 6 46 7 92 8 91 9 28 10 38 11 61 12 37 13 90 14 19 15


931 891



