15 15
15 28 1 98 2 10 3 53 4 16 5 21 6 16 7 47 8 78 9 19 10 85 11  8 12 22 13 46 14 78 15
15  6 1 80 2 83 3 73 4 25 5 77 6 72 7 23 8 40 9 18 10 57 11 51 12 36 13 23 14 71 15
15 16 1 47 2 81 3 68 4 85 5 32 6 85 7 86 8  9 9 58 10 78 11 65 12 56 13 38 14 81 15
15 29 1 65 2 58 3 70 4 72 5 39 6 42 7 22 8 99 9 82 10 54 11 70 12 47 13 78 14 97 15
15 93 1 24 2 78 3  5 4 43 5 43 6 27 7 35 8 33 9 58 10 60 11 38 12 88 13 79 14 70 15
15 19 1 36 2 48 3 82 4 11 5 48 6 16 7 63 8 42 9 75 10 55 11 42 12 72 13 15 14 67 15
15 40 1 61 2 56 3 62 4 56 5 94 6  6 7  3 8 72 9 29 10 10 11 40 12 51 13 43 14 33 15
15 10 1 18 2 34 3 90 4 65 5 60 6 39 7 86 8 74 9 80 10 22 11  1 12  4 13 82 14 23 15
15 41 1 18 2 76 3 19 4  2 5 27 6 33 7 55 8 60 9 51 10 56 11 82 12 25 13 80 14 47 15
15 55 1 33 2  6 3 82 4 24 5 59 6 69 7 44 8 66 9 36 10 82 11 53 12 96 13 44 14 25 15
15 73 1 55 2 36 3  8 4 78 5  8 6 50 7 82 8  9 9 84 10 35 11 60 12 98 13 35 14 59 15
15 44 1 66 2 77 3 51 4 59 5 28 6 48 7 17 8 44 9 86 10 26 11 38 12 23 13 20 14 39 15
15 65 1 70 2  7 3 75 4 63 5 58 6 67 7  3 8 68 9 84 10 64 11 80 12 23 13 89 14 98 15
15  5 1 58 2 14 3 84 4 20 5 16 6 40 7 78 8 51 9 86 10 79 11  5 12 32 13 57 14 83 15
15 21 1 94 2 41 3 79 4 65 5 88 6 40 7 13 8 72 9 91 10  4 11 26 12 23 13 86 14 17 15


956 937



