15 15
15 58 1 93 2 15 3 65 4 96 5 69 6 23 7 82 8 22 9 58 10 84 11 26 12 41 13  4 14 90 15
15 60 1 37 2 66 3 22 4 74 5 55 6 86 7 73 8 63 9 66 10 64 11 71 12 32 13 86 14 51 15
15 26 1 95 2 39 3 46 4 86 5 95 6 33 7 26 8 22 9 26 10 43 11 16 12 56 13 90 14 77 15
15 47 1 96 2 21 3 30 4 18 5 64 6 74 7 78 8 75 9 79 10 63 11 32 12 80 13 91 14 29 15
15 83 1 76 2 47 3 41 4 39 5 91 6 58 7 82 8  4 9 61 10 33 11 70 12 94 13 95 14 16 15
15 41 1 89 2 12 3 89 4 38 5 77 6 49 7 20 8  3 9 69 10 57 11 63 12 12 13 14 14 93 15
15 94 1 63 2 10 3 70 4 91 5 67 6 69 7 64 8 10 9 38 10 10 11 66 12 73 13 78 14 55 15
15 85 1 29 2 66 3 49 4 90 5 49 6 89 7 58 8 94 9 14 10 57 11 36 12 30 13 78 14 38 15
15 56 1 33 2 53 3 92 4 24 5 49 6 74 7  1 8 43 9 81 10 36 11 45 12 84 13 31 14 84 15
15 74 1 14 2 38 3 76 4 76 5 62 6 16 7 48 8 87 9 31 10 63 11 26 12 64 13 85 14 99 15
15 38 1 31 2 28 3  8 4 78 5  9 6 42 7 41 8 47 9 38 10 92 11 96 12 27 13 30 14 35 15
15 89 1 11 2 65 3 19 4 36 5 45 6 36 7 42 8 69 9 50 10  6 11 28 12 74 13 58 14 31 15
15 76 1 72 2  2 3 66 4 64 5 52 6 58 7 81 8 18 9 56 10 11 11 15 12 21 13 37 14 90 15
15 83 1 23 2 43 3 55 4  6 5 43 6 51 7 17 8 43 9 22 10 96 11 72 12 23 13 86 14 61 15
15 36 1 38 2 58 3 84 4 51 5 95 6 28 7 35 8 76 9 80 10 63 11 52 12 72 13 17 14 50 15


992 946




