15 15
15 53 1 59 2 68 3 53 4 34 5 21 6 52 7  9 8 12 9 30 10 46 11 82 12 54 13  3 14 70 15
15 68 1 71 2 96 3  7 4 24 5 49 6 69 7 92 8 50 9 31 10 29 11 99 12 63 13 39 14  3 15
15 63 1  1 2 59 3 88 4 86 5 58 6 76 7 55 8 76 9 77 10 88 11 55 12  8 13 74 14 29 15
15 62 1 88 2  4 3 52 4 33 5 61 6 57 7 39 8 16 9 46 10 63 11 51 12 41 13 21 14 57 15
15 48 1 99 2  7 3  8 4 83 5 14 6 85 7 30 8 79 9 76 10 30 11  8 12 83 13 56 14 75 15
15 87 1 76 2 83 3 56 4 61 5 21 6 11 7 62 8 42 9  1 10 31 11 15 12 60 13 57 14 32 15
15 73 1 51 2  3 3 59 4 24 5 49 6 35 7 95 8 17 9 17 10 81 11 58 12 94 13 36 14 18 15
15 24 1 45 2 74 3 70 4 49 5  6 6 62 7 84 8  5 9  6 10 99 11 50 12 13 13 32 14 50 15
15 79 1 51 2 83 3 51 4 99 5 12 6 66 7 42 8 76 9 22 10 34 11 11 12 33 13 30 14 41 15
15  3 1 47 2 75 3 98 4 87 5 33 6 10 7 70 8 25 9 30 10 61 11 85 12 33 13 21 14 98 15
15 57 1 35 2 38 3 25 4 30 5 30 6 82 7 19 8  4 9 48 10 95 11 28 12 70 13 92 14 41 15
15 28 1 92 2 18 3 81 4  3 5 82 6 85 7  8 8 58 9 95 10 62 11 24 12 55 13 84 14 85 15
15 22 1 26 2 61 3 63 4 37 5 20 6 43 7 92 8 20 9 59 10 26 11 28 12 27 13 28 14 25 15
15 32 1 96 2  6 3 92 4  3 5 40 6 12 7 23 8 58 9 33 10 61 11 24 12 77 13 35 14 57 15
15 68 1 46 2 45 3  6 4  8 5 53 6 14 7 60 8 99 9 61 10 28 11  2 12 82 13 63 14 95 15


916 893




