15 15
15 41 1 81 2 70 3 53 4 62 5 42 6 96 7 72 8 21 9 92 10 67 11 25 12 83 13 67 14 46 15
15 47 1 76 2 45 3 19 4 43 5 23 6 57 7 94 8 55 9 17 10 32 11 89 12 54 13 34 14 41 15
15 50 1 86 2 77 3 22 4 49 5 3  6 16 7 71 8 14 9 20 10  5 11 73 12 63 13 51 14 53 15
15 75 1 18 2 28 3 40 4 46 5 76 6 14 7 31 8 19 9 89 10 92 11 33 12 26 13 17 14 23 15
15 33 1 96 2 36 3 34 4 43 5 62 6 16 7 39 8 76 9 16 10 29 11 15 12 59 13 25 14  3 15
15  1 1 18 2 33 3 87 4 36 5 66 6 69 7 84 8 12 9 46 10 47 11 16 12 43 13 72 14 97 15
15 72 1 77 2 57 3 49 4 73 5 98 6 12 7 39 8  9 9 62 10  8 11 71 12 80 13 83 14 19 15
15 76 1 32 2 30 3 33 4 3  5 42 6 99 7 88 8 95 9 92 10 18 11 22 12 73 13 81 14 99 15
15 98 1 95 2 78 3 83 4 49 5 46 6 97 7 25 8 24 9 28 10 66 11 29 12 26 13  9 14 54 15
15 47 1 85 2 57 3  5 4 94 5 79 6 82 7 77 8 20 9 90 10 38 11 29 12 15 13 65 14 72 15
15 15 1 14 2 47 3 69 4 58 5 78 6 20 7 32 8 95 9  3 10 35 11 80 12 64 13 59 14 73 15
15 90 1 96 2 61 3 77 4 35 5 51 6 15 7 67 8 76 9 17 10 24 11 80 12 83 13 58 14 20 15
15 98 1 47 2 36 3 46 4 64 5 62 6 67 7 35 8 62 9 42 10 89 11 48 12 77 13 49 14  1 15
15 49 1 42 2 60 3  4 4 14 5 89 6 83 7 24 8 28 9 51 10  5 11 49 12 82 13 77 14 94 15
15 46 1 53 2 86 3 86 4 83 5  3 6 44 7 51 8 49 9 42 10  8 11 34 12 37 13 50 14 60 15



957 918



