15 15
15 90 1 13 2 25 3  9 4 15 5 39 6 55 7 84 8 11 9 71 10 20 11 57 12 82 13 36 14 65 15
15 13 1 47 2 88 3 61 4 46 5 31 6 13 7 77 8 36 9 35 10 54 11 45 12  7 13 85 14 72 15
15 60 1 53 2 27 3 12 4 68 5 89 6 41 7  2 8 16 9 54 10 82 11 87 12 58 13 96 14 20 15
15 46 1 37 2 50 3 97 4 42 5 47 6 32 7 69 8 36 9 61 10 23 11 63 12 70 13 18 14 52 15
15 40 1 23 2  6 3 79 4 54 5 38 6 12 7 22 8 46 9 41 10  5 11 34 12 84 13 29 14 94 15
15 14 1 72 2 32 3 96 4 93 5  4 6 73 7 90 8 80 9 33 10 56 11 14 12 16 13 16 14 87 15
15  1 1 75 2 71 3 51 4 51 5 43 6 15 7 43 8 73 9 17 10 79 11 36 12 23 13 62 14 96 15
15 23 1 20 2 73 3 64 4 37 5 38 6 22 7 50 8 51 9 48 10 11 11  2 12 10 13 14 14 58 15
15 19 1 17 2  1 3 40 4 23 5 79 6 89 7 69 8 75 9 58 10 27 11 93 12 16 13 97 14 70 15
15  3 1 45 2 41 3 34 4 26 5 52 6 83 7 28 8 89 9 82 10 87 11 79 12 90 13 75 14 89 15
15 55 1 99 2 73 3 56 4 29 5 35 6 97 7 24 8 89 9 77 10 76 11 95 12 18 13 37 14 44 15
15  1 1 31 2 37 3 68 4 41 5 67 6 17 7 67 8 29 9 53 10 5  11 67 12 92 13 11 14 34 15
15 23 1 53 2 27 3 92 4 97 5 77 6  7 7 32 8 27 9 66 10 63 11 15 12 76 13 24 14 47 15
15 78 1 94 2 92 3 90 4 56 5 90 6 23 7 63 8 42 9 42 10 53 11 15 12 21 13 88 14 87 15
15  6 1 81 2 15 3 32 4 78 5 22 6 44 7 71 8 96 9 33 10 78 11 79 12 71 13 23 14  9 15



946 934



