15 15
15  8 1  6 2 61 3 32 4 45 5 83 6  9 7 24 8 26 9 43 10 99 11  4 12 11 13 97 14 33 15
15 42 1 57 2 74 3 53 4 22 5 55 6  1 7 38 8 92 9 54 10 61 11 25 12 14 13 70 14 62 15
15 29 1 11 2  5 3 85 4 79 5 17 6 84 7 74 8 30 9 95 10 45 11 30 12  9 13 65 14 38 15
15 52 1 16 2 37 3 95 4 79 5 11 6 61 7 89 8 95 9 78 10 55 11 56 12 12 13 95 14 12 15
15 42 1  2 2 28 3 14 4 84 5 21 6 13 7 10 8 74 9 76 10  8 11 82 12 35 13  7 14  1 15
15 63 1  4 2 93 3 93 4 46 5 82 6 52 7 22 8 46 9  6 10 22 11 30 12 43 13  9 14 72 15
15 13 1 16 2 84 3 37 4 39 5 85 6 99 7 94 8 66 9 61 10 94 11  2 12 18 13 69 14 62 15
15 57 1  1 2 78 3 51 4 55 5 85 6 81 7 90 8 32 9 64 10 56 11 39 12 59 13 72 14 64 15
15 81 1 86 2 59 3 11 4 83 5 23 6 73 7 99 8 39 9 22 10 43 11 18 12 94 13 40 14 33 15
15 85 1 75 2 10 3 70 4 92 5 25 6 72 7 75 8 66 9  2 10 43 11  4 12 97 13 63 14 72 15
15 46 1 51 2 50 3  5 4 97 5 78 6 60 7 74 8 89 9 12 10 62 11 12 12 59 13 33 14 79 15
15 60 1 75 2 31 3 57 4 20 5  5 6 22 7  7 8 61 9 20 10 20 11 24 12 60 13 44 14 34 15
15 11 1  3 2 62 3 50 4 38 5 47 6 35 7 96 8 34 9 39 10 90 11 80 12 91 13 95 14 38 15
15 14 1 90 2 27 3 84 4 35 5 75 6 99 7 93 8 98 9 21 10 58 11 53 12 83 13 37 14 29 15
15 88 1 13 2 77 3 41 4 51 5 36 6 88 7 14 8 10 9 96 10 67 11 33 12 52 13 30 14 46 15


951 899




