15 15
15 73 1 92 2 60 3 16 4 47 5  8 6 82 7 64 8 96 9 32 10 85 11 70 12 54 13 23 14 69 15
15 23 1 33 2 52 3 51 4 46 5 56 6 66 7 54 8 35 9 35 10 60 11 14 12 32 13 33 14 26 15
15 64 1 89 2 90 3  1 4 37 5 80 6 40 7 38 8 62 9 67 10 78 11 14 12 98 13 37 14 65 15
15 59 1 65 2 94 3 66 4 18 5 50 6 15 7 34 8 71 9 94 10  6 11 18 12 79 13 92 14 55 15
15 19 1 39 2 18 3 95 4 99 5 53 6 69 7 43 8 65 9 58 10 73 11 91 12 11 13 49 14 56 15
15 67 1 24 2  7 3 75 4 87 5 22 6 47 7 95 8 31 9 77 10 78 11 33 12  5 13 16 14 92 15
15 63 1 63 2 32 3 37 4 41 5 78 6 54 7 14 8 61 9 89 10  9 11 12 12 70 13 92 14 13 15
15 48 1  5 2 70 3 71 4 12 5 80 6 53 7 64 8 23 9  4 10 11 11 74 12 58 13 61 14 25 15
15 98 1 18 2 64 3 88 4 43 5 17 6 69 7 77 8 36 9 26 10 60 11 19 12 85 13 75 14 44 15
15  5 1 64 2 43 3 50 4 89 5  2 6 12 7 90 8 65 9 61 10 72 11  1 12 49 13 50 14 26 15
15  4 1 18 2 18 3 82 4 66 5 58 6 15 7 18 8 64 9 67 10 24 11 63 12 64 13 40 14 10 15
15 56 1 28 2 17 3 19 4 29 5 50 6 91 7 13 8 95 9 40 10 33 11 41 12 95 13 29 14 82 15
15 31 1 23 2 22 3 45 4 86 5 94 6 26 7 69 8 16 9 39 10 19 11 45 12 26 13  1 14 65 15
15  4 1 26 2 37 3 51 4  7 5 57 6 60 7 63 8 92 9  3 10 86 11 34 12 50 13 66 14  8 15
15  9 1 82 2 80 3  3 4 73 5 21 6 28 7 38 8 11 9 19 10 23 11 56 12 20 13 43 14 39 15


899 871



