15 15
15 19 1 78 2 79 3  3 4 53 5 27 6 24 7 47 8  7 9 19 10  2 11 73 12 63 13 21 14  2 15
15 21 1 13 2 29 3 63 4 23 5 18 6 32 7 60 8 26 9  5 10 46 11 13 12 54 13 12 14 90 15
15 28 1 85 2 44 3 42 4 69 5 80 6 71 7 44 8 27 9 77 10 75 11 53 12 94 13 55 14 66 15
15 28 1 74 2 86 3 16 4 34 5 60 6 17 7  8 8 18 9 27 10 39 11 71 12  8 13  3 14 76 15
15 99 1  1 2 62 3 52 4 80 5 16 6 79 7 39 8 49 9 86 10 33 11 14 12 65 13 45 14 85 15
15 62 1 77 2 61 3 16 4 88 5 91 6 13 7  8 8 53 9 18 10 17 11 92 12 88 13 40 14 42 15
15 26 1 41 2 88 3 27 4 69 5 32 6 97 7 99 8  4 9 77 10 72 11 77 12 63 13 63 14 98 15
15 83 1 86 2 67 3 24 4 79 5 49 6 18 7 87 8 75 9 22 10 54 11 51 12 14 13 33 14 43 15
15 83 1 39 2 27 3  6 4 57 5 82 6 15 7 75 8 84 9 55 10 86 11 63 12 70 13  4 14 22 15
15 22 1 33 2 11 3 69 4 47 5 38 6 42 7 99 8 19 9 66 10 19 11 41 12 59 13  3 14 68 15
15 34 1 43 2 61 3 84 4 65 5 36 6 25 7 32 8  1 9 79 10 93 11  3 12 92 13 82 14  2 15
15  5 1 65 2 58 3 77 4 80 5 30 6 13 7 71 8 85 9 45 10 93 11 44 12 74 13 72 14 60 15
15 27 1 82 2 74 3 62 4 82 5 18 6 22 7 69 8 48 9 89 10 60 11 73 12 72 13 65 14 23 15
15 34 1 98 2 89 3 92 4  2 5 85 6 15 7 99 8 80 9 69 10 27 11 18 12 20 13 23 14 78 15
15 38 1 65 2  5 3  8 4 45 5 50 6 28 7 64 8 55 9 51 10 56 11 43 12 22 13 18 14 96 15


959 933



