20 20
20 82 1 12 2 63 3 54 4 68 5 20 6 73 7  1 8 12 9 70 10 87 11  8 12 29 13 69 14 64 15 67 16 35 17 42 18 60 19 78 20
20 33 1 53 2 45 3 67 4 12 5 43 6 15 7 23 8 49 9 19 10 60 11 98 12 39 13 70 14 92 15 79 16 87 17  6 18 77 19 41 20
20 61 1 31 2 34 3 30 4 79 5 91 6 57 7 50 8 89 9 38 10 16 11 46 12 58 13 12 14 80 15  6 16 39 17 51 18 18 19 42 20
20 87 1 10 2 48 3 39 4 60 5 98 6 54 7 95 8 29 9 40 10 27 11 69 12 67 13 80 14 46 15 61 16 51 17 72 18 25 19 92 20
20 11 1 55 2 68 3 37 4 17 5 29 6 19 7 18 8 63 9 58 10 75 11 12 12 48 13 67 14 56 15 67 16 13 17 86 18 86 19 34 20
20 50 1 54 2 18 3 93 4 87 5 91 6 95 7 47 8 33 9 72 10 73 11 32 12 46 13  3 14 41 15 61 16 80 17 13 18 25 19 18 20
20 14 1 28 2 46 3 13 4  4 5 82 6 71 7 53 8 31 9 77 10 63 11 99 12 58 13 90 14 50 15 57 16 83 17 21 18 85 19 72 20
20 34 1 25 2 86 3 37 4 16 5 46 6 80 7 65 8 40 9 80 10 90 11 92 12 12 13 57 14 64 15 61 16 97 17 51 18 36 19 21 20
20 32 1 82 2 69 3 23 4 47 5 57 6 10 7 43 8 13 9 61 10 18 11 56 12 11 13 88 14 15 15 91 16 26 17 45 18 72 19 90 20
20 40 1 93 2 81 3 52 4  5 5 90 6 40 7 15 8 45 9 96 10 34 11 51 12 36 13 84 14 52 15 31 16 30 17 85 18 18 19 55 20
20 40 1  7 2 26 3 48 4 50 5 63 6 99 7 66 8  3 9 13 10 78 11 81 12 66 13 52 14 57 15 20 16 86 17 78 18 89 19 47 20
20 84 1 91 2 53 3 58 4 89 5  5 6 95 7 17 8 81 9 63 10 21 11 59 12 54 13 69 14 33 15 51 16 33 17 71 18 81 19  9 20
20 38 1  2 2 15 3 38 4 30 5 73 6 55 7 53 8 25 9 38 10 70 11 99 12 79 13 55 14 19 15 69 16 54 17 97 18 82 19  3 20
20 54 1 24 2 71 3  3 4 18 5 17 6 55 7 44 8 28 9 60 10 79 11 23 12 55 13 60 14 85 15 70 16 75 17 99 18 23 19 70 20
20 71 1 91 2 27 3 45 4 25 5  1 6 20 7 34 8  9 9 27 10 95 11 46 12 38 13 12 14 23 15 16 16  9 17 58 18 46 19 41 20
20 10 1 87 2 39 3 45 4 60 5 37 6 89 7 28 8 22 9 67 10 99 11 57 12 18 13 97 14 37 15 35 16 37 17 19 18 46 19  8 20
20 76 1 92 2 87 3 56 4 46 5 31 6 81 7 67 8 30 9 33 10 16 11 55 12 10 13 25 14 82 15 56 16 17 17 53 18 81 19 23 20
20 96 1 52 2 23 3 71 4 17 5 97 6 52 7 61 8  9 9 88 10  4 11 55 12 79 13 53 14 55 15 87 16 66 17  7 18 18 19 85 20
20 29 1  6 2 65 3  4 4 22 5 78 6 17 7 89 8 76 9 13 10 51 11  9 12  9 13 96 14 12 15 88 16 32 17 48 18 73 19  9 20
20 38 1 29 2 37 3 87 4 90 5 75 6 38 7 26 8 73 9 97 10 23 11 98 12 23 13 30 14 55 15 93 16 13 17 31 18  3 19 20 20



1269 1169
