20 20
20 64 1 66 2 30 3 87 4  4 5 80 6 33 7 22 8 74 9 63 10 51 11 52 12 82 13 70 14 53 15 23 16  4 17 80 18 54 19 37 20
20 64 1 95 2 16 3  9 4 15 5 26 6 68 7 89 8  1 9 52 10 16 11 61 12  8 13 94 14 69 15 87 16 86 17 78 18 47 19 96 20
20 21 1  6 2 66 3 95 4 80 5 20 6 60 7 45 8  8 9 67 10 88 11 72 12 96 13  3 14 68 15 21 16 59 17 85 18 43 19 83 20
20 20 1 68 2 13 3 75 4 90 5 91 6 66 7 88 8 60 9 61 10 98 11 41 12 77 13  9 14 99 15 13 16  4 17 56 18  2 19 43 20
20 24 1  3 2 96 3 76 4 72 5 76 6 26 7 80 8 11 9 68 10 66 11 83 12 15 13 50 14 90 15 12 16 68 17  5 18 18 19 71 20
20 57 1 94 2  3 3 22 4 77 5 24 6 60 7 77 8 40 9 63 10 63 11 96 12 39 13  8 14 32 15 93 16 16 17 74 18 14 19 70 20
20 48 1 16 2 41 3 98 4  9 5 70 6 92 7 26 8 67 9 12 10 15 11 38 12  4 13 95 14 60 15 11 16 94 17 91 18 23 19 73 20
20  2 1 88 2  7 3 83 4 13 5 94 6 45 7 47 8 70 9 98 10 39 11 65 12 43 13  5 14 64 15 65 16 93 17 69 18 50 19 38 20
20 10 1 55 2 91 3 79 4 45 5 35 6 15 7 57 8  2 9 54 10 97 11 33 12 94 13 80 14 10 15 68 16 15 17 36 18 62 19 63 20
20 32 1 78 2 88 3 90 4 64 5 56 6 18 7 38 8 66 9 58 10 91 11 19 12  6 13 84 14 76 15 71 16 41 17 27 18 33 19 93 20
20 62 1 26 2 34 3 27 4 35 5 11 6 99 7 38 8 40 9 37 10 41 11 41 12 64 13 21 14 67 15 46 16 23 17 96 18 84 19 87 20
20 20 1 59 2 10 3 15 4 86 5 82 6 52 7 62 8 71 9 73 10  2 11 97 12 42 13 15 14 31 15 81 16  3 17 62 18 51 19 24 20
20 38 1 10 2 73 3 60 4  5 5 37 6 59 7 61 8 46 9 67 10 50 11 12 12 21 13 64 14 53 15 23 16 98 17  8 18 73 19 80 20
20 87 1 48 2 96 3  3 4 49 5 63 6 16 7 50 8 66 9 17 10 11 11 45 12 96 13 91 14 98 15 75 16 38 17 69 18 45 19 86 20
20 95 1  7 2 24 3 69 4 19 5 63 6 11 7 78 8 72 9 36 10 28 11 85 12 14 13 83 14 74 15 26 16 40 17 41 18 12 19 82 20
20 60 1 49 2 12 3 77 4 34 5 94 6 84 7 60 8 56 9 48 10 50 11 71 12 38 13 79 14 57 15 20 16 81 17 53 18 80 19 37 20
20  4 1 87 2  5 3 65 4  8 5 34 6  2 7 23 8 38 9 61 10 85 11 53 12 96 13 46 14 77 15 29 16 73 17 91 18 88 19 35 20
20 74 1 38 2 24 3 55 4 83 5 68 6 40 7 90 8 51 9  9 10  2 11 79 12  3 13 41 14 79 15 84 16 45 17  6 18 38 19 63 20
20 54 1  3 2 14 3 35 4 89 5 60 6 26 7 48 8 51 9 75 10 74 11 96 12 81 13 34 14 25 15 41 16 94 17 87 18 30 19 11 20
20 68 1 68 2 98 3 76 4 30 5 54 6 23 7 47 8  2 9 31 10 78 11 46 12 12 13 66 14 66 15 83 16 61 17 61 18  5 19 37 20


1310 1248




