20 20
20 17 1 65 2 78 3 33 4 42 5 58 6 76 7 59 8 78 9 71 10 37 11 93 12 80 13 56 14 49 15 75 16 31 17 87 18 77 19 75 20
20 65 1 74 2 82 3 50 4 39 5 70 6  4 7 83 8 72 9 55 10 62 11 75 12 24 13 54 14 15 15 79 16 47 17  7 18 43 19 62 20
20 76 1 88 2 15 3 57 4 84 5 55 6 76 7 96 8 37 9  2 10 84 11 71 12 49 13 10 14 36 15 88 16 44 17 43 18 62 19 49 20
20 86 1 46 2 41 3 98 4 49 5 87 6 80 7 25 8 39 9 45 10 45 11 87 12 44 13 35 14 28 15 24 16 83 17 72 18 76 19 21 20
20 49 1 16 2 38 3 95 4 45 5  9 6 88 7 83 8 37 9 44 10 44 11 13 12 23 13 79 14  6 15 15 16 73 17  2 18 19 19 92 20
20 77 1 35 2 17 3 24 4 51 5 90 6 71 7 85 8 56 9 96 10 27 11 15 12 47 13 31 14 29 15 68 16 45 17 61 18 87 19 47 20
20 24 1 15 2 41 3  7 4 59 5 79 6 85 7 53 8 13 9 26 10 15 11 96 12 10 13 88 14 24 15  2 16 48 17 81 18 23 19 38 20
20 26 1 19 2 50 3 17 4 39 5 38 6 19 7 90 8 38 9 52 10 31 11 62 12 54 13 63 14  1 15 19 16 14 17 12 18 18 19 96 20
20 56 1 47 2 88 3 33 4 66 5 45 6 79 7 29 8 56 9 42 10 29 11  7 12 96 13 23 14 39 15 81 16 69 17 38 18 17 19 69 20
20 16 1 39 2 10 3 49 4 50 5 60 6 44 7 76 8 68 9 78 10 10 11 31 12 63 13 37 14 85 15 67 16 80 17 56 18 39 19 93 20
20 68 1  6 2 52 3 78 4 76 5 31 6 47 7 81 8 27 9 64 10 93 11 16 12 54 13 39 14 52 15 82 16 58 17  8 18 85 19 51 20
20  9 1  1 2 83 3 79 4 38 5 39 6 88 7 33 8 52 9 60 10 35 11 47 12 66 13 57 14 50 15 33 16 54 17 45 18 18 19 27 20
20 97 1 78 2 63 3 91 4 63 5  6 6 99 7 15 8 92 9  7 10 95 11 15 12  8 13 81 14 40 15 40 16 53 17  2 18 12 19 41 20
20 13 1 68 2  3 3  5 4 86 5 31 6 82 7 73 8  2 9 42 10 70 11 95 12 90 13 35 14 73 15 83 16 51 17 91 18 22 19 71 20
20 51 1 98 2 71 3 29 4  4 5 35 6 54 7 70 8 41 9 56 10 34 11 91 12 20 13 71 14 87 15 99 16 61 17 52 18 19 19 13 20
20 57 1 96 2 24 3 15 4 16 5 57 6 89 7  5 8 22 9 49 10 61 11 35 12 21 13 51 14  6 15 63 16 56 17 81 18  4 19 26 20
20 46 1 72 2 67 3 17 4 32 5 79 6 23 7 11 8 20 9 55 10  1 11 51 12 25 13 87 14 35 15 49 16  5 17 90 18  7 19 43 20
20 50 1 70 2 23 3 40 4 50 5 84 6 72 7 56 8 57 9 87 10 87 11 21 12 32 13 78 14 80 15 42 16 68 17 48 18 25 19 93 20
20 40 1 51 2 79 3 88 4 58 5 11 6  8 7 93 8 75 9 42 10 38 11 19 12 84 13 76 14 36 15 84 16  1 17 53 18 71 19 91 20
20 68 1  7 2 65 3 54 4 56 5  1 6 73 7 64 8 24 9 73 10 72 11 77 12 80 13 54 14 54 15 32 16 11 17 70 18 33 19 74 20




1294 1257




