20 20
20 63 1  8 2 50 3 54 4 58 5 51 6 93 7 61 8 50 9 44 10 29 11 13 12 15 13 34 14 22 15 93 16 27 17 36 18 76 19 85 20
20 34 1 27 2 20 3 25 4 37 5  6 6 57 7 23 8 14 9 14 10 83 11 63 12 24 13 30 14  4 15 44 16 62 17 81 18 37 19 27 20
20 93 1 88 2 21 3  6 4 84 5 18 6 96 7 57 8  3 9 26 10 40 11 28 12 70 13 85 14 36 15 26 16  5 17 62 18 68 19 37 20
20 57 1 90 2 93 3 75 4 14 5 23 6  4 7 64 8 52 9 42 10 85 11 37 12 39 13 83 14 40 15 62 16 64 17 88 18 95 19 34 20
20 28 1 52 2 26 3  3 4 37 5 40 6 95 7 49 8  9 9 44 10  7 11 85 12 98 13 68 14  5 15 60 16 79 17 71 18 28 19 19 20
20 22 1 57 2 91 3 71 4 41 5 70 6 59 7 97 8 83 9 88 10 38 11 38 12 32 13 23 14 78 15 85 16 88 17 99 18 80 19 54 20
20 56 1 61 2 95 3 68 4 59 5 89 6 49 7 91 8 40 9 61 10 63 11 41 12 12 13 90 14 71 15 98 16 91 17 40 18 28 19 29 20
20 98 1 45 2 61 3 83 4 50 5 82 6 42 7 16 8 77 9 47 10 13 11 78 12 84 13 29 14  3 15 38 16 85 17 75 18 76 19 36 20
20 77 1 71 2 31 3 73 4 12 5 18 6 99 7 91 8 78 9 55 10 17 11 87 12  5 13 46 14 21 15 97 16 91 17 93 18 94 19 90 20
20 39 1 60 2 38 3 77 4 84 5 39 6 85 7 66 8 99 9 88 10 92 11 17 12 76 13 25 14 86 15 53 16 79 17 43 18 78 19 50 20
20 92 1 79 2  3 3 88 4 27 5 22 6  8 7 19 8 11 9 51 10  5 11  2 12 67 13 79 14 84 15 25 16 43 17 18 18 74 19 11 20
20 23 1 50 2 41 3 54 4 24 5 19 6 84 7 19 8 37 9  5 10 25 11  7 12 31 13 57 14  1 15 19 16 67 17 20 18 48 19 46 20
20 87 1 57 2 12 3  9 4 49 5 56 6 88 7 71 8 77 9 91 10 97 11 24 12 68 13 73 14 29 15 53 16 34 17 77 18 58 19 38 20
20 48 1 97 2 91 3 60 4 89 5 76 6 50 7 11 8 19 9 99 10 91 11 64 12 67 13 10 14 36 15 87 16 97 17 62 18 62 19 72 20
20 24 1 68 2 62 3 69 4  9 5 57 6 90 7 31 8 42 9 57 10 18 11 55 12 88 13  2 14 75 15 26 16 30 17 99 18  4 19 15 20
20  9 1 69 2 97 3 99 4 81 5 99 6 72 7 48 8 22 9 60 10 10 11  7 12 82 13 74 14 33 15  2 16 93 17 81 18  8 19 43 20
20 40 1 22 2 79 3  8 4 49 5 81 6 17 7 81 8 62 9 62 10 16 11 91 12 18 13 10 14 63 15 28 16 76 17 55 18 57 19 97 20
20 12 1 75 2  1 3 62 4 53 5 39 6 26 7 24 8 15 9 97 10 77 11 33 12 96 13 88 14 68 15 44 16 24 17 78 18 36 19 22 20
20 26 1 25 2 98 3 84 4  3 5 65 6 38 7 75 8 94 9 40 10 54 11 53 12 64 13 31 14 78 15 49 16 54 17 27 18 88 19 58 20
20 44 1 96 2  7 3 76 4 49 5 90 6 65 7 70 8 74 9  2 10 16 11 39 12 85 13 87 14 81 15 20 16 56 17 55 18  1 19 24 20


1352 1294

