20 20
20 79 1 71 2 64 3 85 4 37 5 49 6 99 7 57 8 89 9 40 10 16 11 44 12 16 13 66 14  6 15  8 16 17 17 58 18  4 19 65 20
20 35 1 65 2 57 3 43 4 73 5 42 6 20 7 43 8 79 9 57 10  6 11 76 12 65 13 80 14  3 15  8 16 82 17 98 18 96 19 82 20
20 10 1 83 2 41 3 53 4 70 5 62 6 18 7 43 8 24 9 23 10 53 11 77 12 17 13 94 14 79 15 49 16  7 17 82 18 15 19 76 20
20 16 1 10 2  7 3 15 4 97 5 84 6 30 7 24 8 80 9  7 10 14 11 12 12 31 13 27 14 99 15 97 16  7 17 33 18 91 19 18 20
20 45 1 57 2 54 3 52 4 65 5 70 6 57 7 83 8 40 9 67 10 31 11 84 12 28 13 21 14 43 15  9 16 45 17 10 18 51 19 95 20
20 43 1 48 2 48 3  6 4 70 5 22 6 45 7 42 8 37 9 50 10 76 11 57 12 45 13 11 14 93 15 53 16 48 17 10 18 13 19 39 20
20 97 1 57 2 18 3  1 4 38 5 10 6 96 7 92 8 75 9  3 10  5 11 80 12 82 13 70 14 52 15 21 16 23 17 53 18 22 19 79 20
20 10 1 44 2 79 3 37 4 38 5 33 6  6 7 62 8 43 9 57 10 89 11 82 12  1 13 52 14  9 15 67 16 23 17 33 18 27 19 22 20
20 24 1 73 2  5 3 68 4 35 5 53 6 36 7 54 8 56 9 50 10 86 11 97 12 35 13 13 14 20 15 17 16 16 17 13 18 80 19 25 20
20 36 1  4 2 81 3 60 4 57 5 41 6  3 7 83 8 86 9 62 10 49 11 48 12 77 13 71 14 14 15 10 16  8 17 94 18 62 19 56 20
20 97 1 22 2 77 3 31 4 22 5 19 6 98 7 74 8 33 9 19 10 19 11 26 12  5 13 61 14 77 15 11 16 41 17 64 18 30 19 31 20
20 84 1 36 2 98 3 82 4 42 5 62 6  7 7 45 8 45 9 21 10 13 11 55 12 71 13 57 14 15 15 89 16 46 17 13 18 16 19 33 20
20 20 1 28 2 24 3  8 4 53 5 59 6 58 7 62 8 90 9 41 10 76 11 61 12 84 13  2 14 11 15 83 16 59 17 53 18 46 19 49 20
20 53 1 74 2 20 3 53 4 90 5 23 6  8 7 97 8 11 9 28 10  5 11 16 12 91 13 23 14 90 15 27 16 32 17 61 18 57 19 32 20
20 77 1 81 2 85 3 53 4 46 5 43 6 79 7 62 8 62 9 48 10  5 11 37 12 97 13 85 14 12 15 54 16 36 17 95 18  2 19 96 20
20 83 1 72 2 41 3 81 4 30 5  8 6 55 7  6 8 58 9 55 10 22 11 64 12  7 13 57 14 38 15 53 16 98 17 35 18 70 19 81 20
20 75 1 82 2 62 3 11 4 80 5 31 6 90 7 63 8 22 9 24 10 59 11 35 12 99 13 63 14 66 15 27 16 15 17 22 18 91 19 53 20
20 90 1 16 2 16 3 26 4 93 5 76 6 69 7  6 8 99  9 4 10 46 11 18 12 59 13 28 14 21 15 65 16 53 17 25 18 45 19  1 20
20 29 1 14 2 66 3  5 4 24 5 86 6 50 7 85 8 27 9 36 10 59 11 15 12 57 13  5 14 19 15 88 16  4 17 17 18  2 19 44 20
20 79 1 71 2 61 3 33 4 54 5 90 6 87 7 45 8 61 9 72 10 45 11 61 12 45 13 64 14  7 15  5 16 82 17 81 18 61 19  8 20



1215 1155



