20 20
20 66 1 65 2 65 3 49 4 40 5 84 6 48 7  7 8 16 9 27 10 23 11 51 12 47 13 64 14 33 15 64 16 99 17 54 18 56 19 52 20
20 59 1 73 2 60 3 39 4 25 5 97 6  8 7 61 8 69 9 50 10 96 11  4 12 81 13 72 14 21 15 92 16 30 17 57 18 65 19 29 20
20 94 1 44 2  6 3 93 4 13 5 33 6 14 7 35 8 39 9 95 10 18 11  6 12 97 13 83 14 92 15 83 16  6 17 26 18 16 19 79 20
20 82 1 64 2 86 3 83 4 14 5  6 6 24 7 25 8 91 9 88 10 18 11 90 12 78 13 40 14  3 15 18 16 40 17 67 18 79 19 76 20
20 10 1  1 2 88 3 55 4 44 5 84 6 23 7 17 8 84 9  8 10 82 11 47 12  2 13 20 14 88 15  5 16 40 17 30 18 31 19  6 20
20 48 1 61 2 90 3 87 4  6 5 95 6 17 7 99 8 71 9 36 10 51 11 58 12  5 13 86 14 15 15 54 16 71 17 79 18 79 19 72 20
20  9 1 17 2 64 3 12 4 63 5 37 6 58 7 64 8 85 9 38 10 90 11 22 12 90 13 29 14 96 15 75 16 39 17 67 18  6 19 72 20
20 93 1 69 2 54 3 85 4 18 5 29 6 11 7  2 8 87 9  4 10 61 11 48 12 20 13 95 14 11 15 63 16 99 17 89 18 55 19 47 20
20 96 1 98 2  4 3 44 4 27 5 12 6 16 7 64 8 81 9 30 10 38 11 78 12 42 13 72 14 53 15  1 16 88 17 56 18 60 19 73 20
20 16 1 75 2 53 3  9 4 46 5 87 6 82 7 52 8 21 9 23 10 97 11 43 12 47 13 79 14 29 15 47 16 24 17 82 18 77 19 62 20
20 68 1 82 2 38 3 60 4 84 5 78 6 32 7  6 8 36 9 69 10 61 11 99 12 88 13 15 14 23 15 16 16 75 17  6 18 49 19 33 20
20 30 1 48 2 59 3 41 4 55 5 96 6 80 7 69 8 43 9 55 10 51 11 72 12 82 13 81 14 58 15 34 16 72 17 49 18 85 19 25 20
20 99 1 81 2 29 3 23 4 14 5 24 6 40 7 51 8 58 9 91 10 15 11 11 12 36 13 76 14 32 15 95 16 16 17 15 18 78 19 72 20
20 52 1 70 2 71 3 98 4  9 5 47 6 65 7 49 8 16 9 91 10 11 11 88 12 94 13 76 14 71 15 84 16 11 17 69 18 18 19 95 20
20 72 1 72 2 75 3  7 4 11 5 45 6 37 7 91 8 31 9 45 10 23 11 30 12 36 13 65 14  2 15 50 16 97 17 88 18 83 19 84 20
20 57 1 23 2 81 3 32 4 14 5 70 6 13 7  9 8 84 9 25 10 82 11  4 12 61 13 51 14 37 15 21 16 60 17 31 18 78 19 26 20
20 92 1 63 2 78 3 38 4 59 5 71 6 37 7  4 8 97 9 97 10 94 11 49 12 64 13 55 14 59 15 61 16 97 17 37 18 32 19 30 20
20  5 1 40 2 73 3 88 4  7 5 55 6 69 7 63 8 79 9  7 10 36 11 79 12  8 13 59 14 82 15 37 16 61 17 29 18 62 19 60 20
20 57 1 43 2 54 3 39 4 10 5 94 6 60 7 78 8 11 9 76 10 74 11 35 12 22 13 67 14 91 15 79 16 54 17 65 18 25 19 35 20
20 75 1 30 2 14 3 68 4 16 5 97 6 71 7 36 8 67 9 97 10 13 11 71 12 45 13 54 14 80 15 43 16 46 17 17 18 39 19 55 20



1332 1241




