20 20
20 16 1 74 2  7 3 43 4 62 5 40 6 21 7 66 8 40 9  6 10 90 11 91 12 33 13 71 14 23 15 10 16 51 17 54 18 18 19 23 20
20 39 1 64 2 44 3 79 4 98 5 33 6 27 7 30 8 41 9 11 10 75 11 66 12 59 13 49 14 79 15 12 16 64 17 95 18 53 19 57 20
20 90 1 75 2 57 3 21 4  1 5 78 6 86 7  3 8 76 9 50 10 88 11 90 12  3 13 45 14 60 15 14 16 32 17 19 18 94 19 54 20
20 89 1 43 2 70 3 13 4 24 5 76 6 88 7 62 8 98 9 53 10 57 11  9 12 53 13 82 14 48 15 98 16  9 17 16 18 39 19 59 20
20  1 1 87 2 52 3 13 4 95 5 59 6 40 7 47 8 12 9 30 10 74 11 54 12 16 13 31 14 52 15 94 16 79 17 46 18 11 19  5 20
20 87 1 47 2 59 3 44 4 78 5 91 6 70 7 57 8 76 9 10 10 25 11 13 12 45 13 89 14 66 15 71 16 93 17 64 18 13 19 90 20
20 31 1 50 2 31 3 42 4 63 5 71 6 30 7 39 8 86 9 88 10 97 11 85 12 31 13 91 14 37 15 44 16 92 17 84 18 68 19  7 20
20 10 1 72 2 14 3 27 4 27 5 29 6 47 7 79 8 68 9 19 10 59 11 57 12  6 13 15 14 37 15 25 16 59 17 96 18 53 19 30 20
20 87 1  7 2 83 3 28 4 31 5 28 6 44 7 37 8 80 9 96 10 28 11 78 12 70 13 56 14 38 15 14 16  4 17 14 18 63 19  1 20
20 52 1 64 2 40 3 92 4 32 5 10 6 93 7 35 8  3 9  7 10  5 11 10 12 32 13 38 14 96 15 73 16 83 17 80 18 61 19 63 20
20 66 1 70 2 69 3 18 4 58 5 45 6 27 7  1 8 26 9 33 10 61 11 23 12 72 13 64 14  3 15  2 16 87 17 86 18  1 19 86 20
20 49 1 54 2 82 3 64 4 96 5 73 6 95 7 47 8 89 9 44 10 79 11 49 12 26 13 36 14 28 15 29 16 69 17 50 18 11 19 30 20
20 72 1 87 2 24 3 89 4 21 5 42 6 44 7 41 8  3 9 67 10 34 11 29 12 19 13 25 14 25 15 55 16 80 17  1 18 99 19 36 20
20 86 1 77 2 99 3 89 4  4 5 52 6 50 7 22 8 63 9 90 10 88 11 83 12 60 13  3 14 72 15 59 16  7 17 15 18 38 19 30 20
20  3 1 40 2 11 3 81 4 48 5 52 6 70 7 14 8 18 9 28 10 92 11 61 12 16 13 73 14  9 15 72 16 39 17 51 18  1 19 86 20
20 29 1 76 2 73 3 60 4 85 5 22 6 52 7 37 8 21 9 72 10 26 11 86 12 74 13 87 14  8 15 27 16 19 17 51 18 56 19 59 20
20 24 1 42 2 21 3 81 4 54 5 78 6 29 7 40 8 46 9 82 10 15 11  1 12 39 13 12 14 13 15 38 16 17 17 54 18 69 19 23 20
20 59 1 96 2 23 3 35 4 47 5 30 6 32 7 29 8  1 9  5 10 25 11  3 12 36 13 26 14 76 15 72 16 77 17 55 18 88 19 88 20
20 68 1 65 2 98 3 22 4 72 5 36 6 59 7  1 8 53 9  1 10 84 11 29 12 19 13 74 14 35 15 81 16 50 17 83 18 56 19 10 20
20 29 1 14 2  6 3 59 4  5 5 96 6 60 7  9 8  6 9 92 10 57 11 42 12 83 13 18 14 97 15  7 16 73 17 96 18 72 19 78 20


