20 20
20 92 1 22 2 87 3 56 4 73 5 81 6 88 7 16 8 58 9 23 10 12 11 21 12 25 13 33 14 84 15 73 16 43 17 56 18 44 19  7 20
20  9 1 15 2 97 3 74 4 56 5 86 6 19 7 97 8 84 9 36 10 95 11 14 12 34 13 60 14  8 15 79 16 35 17  7 18 77 19 84 20
20 11 1 62 2 38 3 49 4 95 5 25 6 32 7 15 8 89 9 10 10 47 11 49 12 36 13 46 14 72 15  2 16 26 17 76 18  1 19 55 20
20 67 1  6 2 86 3 50 4 35 5 49 6 98 7 42 8 97 9 11 10 98 11  1 12 61 13 77 14 71 15 59 16 48 17 31 18 27 19  8 20
20 14 1 59 2 18 3 62 4 24 5 98 6 80 7 64 8 36 9 49 10 99 11 80 12 42 13 39 14 38 15 71 16 43 17 49 18  2 19 49 20
20 50 1  3 2 56 3  2 4 69 5 55 6 47 7  8 8 51 9 93 10 57 11 16 12 95 13 95 14 28 15 52 16 58 17 20 18 49 19 37 20
20  2 1 57 2  1 3 24 4 70 5 13 6 68 7 30 8 43 9 22 10 42 11 88 12 66 13 26 14 59 15 38 16 15 17 82 18  9 19 46 20
20  3 1 12 2 94 3 24 4 59 5 25 6 21 7 47 8 56 9 13 10 51 11 70 12 52 13 79 14 35 15 28 16 18 17 33 18 14 19 90 20
20  5 1 23 2 54 3 59 4 60 5 38 6 74 7 98 8 29 9 86 10 24 11 42 12 20 13 48 14 70 15 97 16 26 17  1 18  6 19 90 20
20 70 1 44 2 92 3 18 4 42 5 72 6 37 7  6 8 96 9 15 10 62 11 33 12 98 13 40 14 44 15 29 16 96 17 77 18 96 19 65 20
20  8 1  4 2 19 3 34 4 54 5 89 6 28 7 93 8 40 9 24 10 73 11 69 12 79 13 97 14 93 15 31 16 42 17 95 18 85 19 64 20
20 92 1 16 2 76 3 87 4 34 5 35 6 56 7 74 8 66 9 88 10 88 11 57 12 88 13 31 14 76 15 14 16 23 17 19 18  4 19 19 20
20 58 1 32 2 89 3 80 4 50 5 25 6 83 7 59 8 74 9 61 10 50 11 30 12 39 13 24 14 61 15 78 16 80 17 27 18 70 19 33 20
20 47 1 42 2 77 3 57 4 78 5 68 6 48 7 62 8 32 9 49 10 61 11 36 12 42 13 96 14 61 15 89 16  7 17 66 18 95 19 28 20
20 39 1 11 2 95 3 63 4 51 5 93 6 56 7 62 8 89 9 85 10 57 11 43 12 13 13 88 14 14 15 10 16 71 17 69 18 19 19 98 20
20 96 1 63 2 58 3 69 4 60 5 62 6 19 7 11 8  4 9 53 10 97 11 86 12 48 13 65 14 80 15 25 16 18 17 63 18 11 19 54 20
20 57 1 22 2 39 3 62 4 76 5 30 6 95 7 76 8  8 9 91 10 92 11 17 12 86 13 45 14 97 15  6 16 67 17 18 18 18 19 17 20
20 48 1 10 2 22 3 91 4 92 5 45 6 19 7 56 8 55 9 99 10 85 11 18 12 91 13 62 14  4 15 65 16 91 17 82 18 46 19 26 20
20 65 1 49 2 81 3 75 4 93 5 43 6 73 7 63 8  7 9 50 10 94 11 48 12 83 13 15 14 91 15 54 16 89 17  8 18 93 19 59 20
20 20 1 84 2 75 3 70 4 73 5 21 6 99 7  6 8 37 9 78 10  5 11 52 12 19 13  3 14 55 15 99 16 73 17 79 18 77 19 73 20


1322 1289
