20 20
20 36 1 40 2 58 3 15 4 89 5 33 6 97 7 23 8 99 9 88 10 30 11 14 12 88 13 75 14 58 15 55 16  7 17 51 18 56 19 90 20
20 47 1 70 2 98 3 94 4 24 5 89 6 71 7  3 8 66 9 25 10 46 11 81 12 78 13 46 14 18 15 87 16 59 17 83 18 46 19 56 20
20 36 1 63 2 77 3 52 4 25 5 68 6 12 7 74 8 74 9 24 10  7 11 59 12 94 13 96 14 84 15 12 16 50 17 63 18 97 19 31 20
20 83 1 74 2 42 3 72 4 12 5  2 6 20 7 30 8  6 9 37 10 95 11 47 12 79 13 96 14 63 15 75 16 21 17  3 18 19 19 93 20
20 56 1 93 2  3 3 51 4 56 5 56 6 95 7 16 8 97 9 75 10 12 11 62 12 74 13 52 14 95 15 22 16 40 17 43 18 27 19 51 20
20 84 1 52 2  7 3 14 4 52 5 32 6 18 7 88 8 37 9 87 10 98 11 25 12 49 13 86 14 34 15 50 16 13 17  6 18 21 19 21 20
20  3 1 36 2 66 3 47 4 24 5 15 6 15 7 56 8 81 9 80 10 97 11 67 12 90 13 40 14 39 15 41 16 35 17 38 18 43 19 97 20
20 29 1 75 2 89 3 69 4 45 5 21 6  3 7 98 8 94 9 60 10 94 11  7 12 18 13 74 14 24 15 29 16 51 17 51 18 61 19 31 20
20 12 1 51 2  9 3 81 4 60 5 57 6 73 7 67 8 39 9 89 10 12 11 58 12 27 13 23 14 20 15 74 16 10 17 69 18 30 19  4 20
20 99 1 74 2 64 3 90 4 80 5 47 6 23 7 71 8 61 9 17 10 22 11 78 12 28 13 21 14 17 15 36 16 53 17 96 18 42 19 58 20
20  9 1 93 2 22 3 91 4 25 5 54 6 96 7 25 8 92 9 26 10 51 11 89 12 77 13 91 14 47 15 16 16 43 17 67 18 67 19 67 20
20 83 1 79 2 24 3 34 4 33 5 87 6 32 7 17 8 21 9  6 10 75 11 43 12 67 13 43 14 76 15 19 16 16 17 17 18 50 19 47 20
20 52 1 86 2 84 3 60 4 78 5 27 6 84 7 25 8 55 9 54 10  3 11 99 12 30 13 32 14 24 15 29 16 89 17 23 18 11 19 22 20
20 46 1 87 2 69 3 10 4 32 5 87 6 20 7 40 8 43 9 48 10 30 11 98 12 25 13 93 14 49 15 80 16 95 17 78 18 30 19 81 20
20 84 1 53 2 81 3 69 4 74 5 11 6  9 7 89 8 50 9  8 10 65 11 74 12 92 13 15 14  9 15 25 16 34 17 65 18 96 19 99 20
20 14 1 92 2 47 3 42 4 11 5 89 6  4 7 55 8 64 9 99 10 10 11 10 12 39 13 79 14  7 15 72 16 41 17 90 18 85 19  8 20
20  2 1  7 2 56 3 15 4 76 5 33 6 43 7 17 8 18 9 97 10 30 11 30 12 60 13 43 14 20 15 60 16 92 17 60 18  1 19 63 20
20 60 1 85 2 15 3 95 4 10 5 84 6 23 7 44 8 26 9 48 10 23 11 87 12 67 13 76 14 97 15 71 16 73 17 63 18 63 19 87 20
20 21 1 37 2 47 3 43 4 59 5 94 6 76 7 29 8 91 9 50 10 60 11 56 12 48 13  7 14 50 15 11 16 38 17  7 18 76 19 93 20
20 29 1  9 2 33 3 48 4 78 5  9 6 63 7 24 8 13 9 90 10 29 11 57 12 97 13  1 14 25 15 38 16 32 17 72 18 38 19 64 20


 1301 1256





