15 15
15 48 1 47 2 67 3 13 4 12 5 91 6 45 7  7 8 72 9 83 10 81 11 81 12 49 13 57 14 78 15
15 39 1 31 2 56 3 31 4 51 5 74 6 55 7 87 8 44 9 99 10 63 11 40 12 68 13 64 14 60 15
15 26 1 48 2  7 3 40 4 98 5 21 6 43 7 16 8 55 9 27 10 16 11 41 12 98 13 86 14 11 15
15 23 1 43 2 98 3 64 4  1 5 78 6 45 7  3 8 13 9 15 10 89 11 59 12 40 13 17 14 58 15
15 21 1 93 2  5 3 31 4 59 5 85 6 35 7 63 8 73 9 18 10 41 11 55 12 13 13 49 14 56 15
15 97 1 40 2 54 3 89 4 60 5 14 6 26 7  7 8 11 9 17 10 75 11 71 12 79 13 36 14  8 15
15 89 1 28 2 58 3 19 4 34 5 40 6 76 7  1 8 95 9 65 10 39 11 70 12 68 13 26 14 68 15
15 97 1 65 2 70 3  5 4 26 5 76 6 11 7 89 8 42 9 41 10 40 11 85 12 68 13 30 14 73 15
15  6 1 31 2 66 3  9 4 95 5 31 6 45 7 20 8 81 9 71 10 99 11 42 12 23 13 70 14 97 15
15 38 1 35 2 73 3 85 4 66 5 61 6 26 7 13 8 84 9 30 10 44 11 89 12 42 13 50 14 90 15
15 57 1  8 2 23 3 87 4 46 5 83 6 32 7 28 8 13 9 12 10 69 11 55 12 26 13 28 14 69 15
15 38 1  2 2 46 3 32 4 53 5 99 6 99 7 70 8 58 9 34 10 37 11  7 12  7 13 93 14 18 15
15 44 1  8 2 41 3 63 4 68 5 33 6  4 7 16 8 25 9 49 10 42 11 13 12 89 13 28 14 55 15
15 74 1 93 2 92 3 68 4 92 5 23 6 22 7 44 8 55 9 81 10 87 11 18 12 78 13 15 14 55 15
15 57 1 36 2 55 3 60 4 99 5 13 6 79 7 61 8 39 9 33 10 80 11 24 12 87 13  6 14 58 15


935 902




